ROUGE-1: 0.2789224365086593
ROUGE-2: 0.10437831240094642
ROUGE-L: 0.19026905651411702
Time taken: 15.228142023086548
