ROUGE-1: 0.3336888247545262
ROUGE-2: 0.13438085176401476
ROUGE-L: 0.21374882899372738
Time taken: 643.8302936553955
