ROUGE-1: 0.3202860434601694
ROUGE-2: 0.12490093943370298
ROUGE-L: 0.21061559262315363
Time taken: 398.7245759963989
