ROUGE-1: 0.3667099476340385
ROUGE-2: 0.12239457858793451
ROUGE-L: 0.1934722218712303
Time taken: 877.3955557346344
