ROUGE-1: 0.41335440549599
ROUGE-2: 0.16909368740544567
ROUGE-L: 0.21312732779035554
Time taken: 1536.6726758480072
